[]
[(0,10,4,1,12), (2,18,3,8,16), (5,15,13,7,14), (6,17,11,9,19)]
[(0,17,16,11,12), (1,15,19,14,10), (2,6,5,9,8), (3,13,4,7,18)]
[(0,4,12,10,1), (2,3,16,18,8), (5,13,14,15,7), (6,11,19,17,9)]
[(0,5,12), (1,9,13), (2,14,17), (3,19,18), (6,10,7), (8,11,15)]
[(0,11), (1,13), (2,17), (3,7), (4,14), (5,19), (6,15), (8,18), (9,16), (10,12)]
[(0,1), (2,3), (4,15), (5,19), (6,16), (7,10), (8,11), (9,14), (12,17), (13,18)]
[(0,15,16,2,5), (1,19,3,6,4), (7,17,18,8,9), (10,14,11,13,12)]
[(0,16,12,17,11), (1,19,10,15,14), (2,5,8,6,9), (3,4,18,13,7)]
[(0,9,2,11,10), (1,7,8,3,14), (4,5,6,13,12), (15,17,18,16,19)]
[(0,7,17,15,1), (2,3,11,13,6), (4,9,18,19,10), (5,8,16,14,12)]
[(0,12,11,16,17), (1,10,14,19,15), (2,8,9,5,6), (3,18,7,4,13)]
[(0,13), (1,6), (2,15), (3,17), (4,12), (5,10), (7,11), (8,19), (9,14), (16,18)]
[(0,2,10,9,11), (1,8,14,7,3), (4,6,12,5,13), (15,18,19,17,16)]
[(0,19,13), (1,14,12), (2,9,18), (3,5,17), (4,15,11), (6,7,16)]
[(0,14), (1,10), (2,8), (3,9), (4,19), (5,16), (6,18), (7,11), (12,15), (13,17)]
[(0,18,6), (1,16,13), (2,4,17), (3,12,15), (5,7,8), (10,19,11)]
[(0,8,13), (1,18,11), (2,12,7), (3,10,17), (4,9,6), (14,15,16)]
[(0,6,14), (1,5,11), (2,19,7), (3,15,9), (4,13,10), (8,16,17)]
[(0,3), (1,2), (4,11), (5,14), (6,10), (7,16), (8,15), (9,19), (12,13), (17,18)]
[(1,7,4), (2,11,16), (5,10,17), (6,14,18), (8,13,19), (9,12,15)]
[(0,10,11,2,9), (1,14,3,8,7), (4,12,13,6,5), (15,19,16,18,17)]
[(0,17,9), (1,18,5), (2,12,19), (3,13,14), (4,15,8), (6,10,16)]
[(0,4), (1,5), (2,19), (3,16), (6,15), (7,12), (8,14), (9,10), (11,18), (13,17)]
[(0,5,7,4,9), (1,6,17,12,8), (2,15,13,18,10), (3,19,11,16,14)]
[(0,11,9,10,2), (1,3,7,14,8), (4,13,5,12,6), (15,16,17,19,18)]
[(0,1,10,12,4), (2,8,18,16,3), (5,7,15,14,13), (6,9,17,19,11)]
[(0,15,7,1,17), (2,13,3,6,11), (4,19,9,10,18), (5,14,8,12,16)]
[(0,16,5,15,2), (1,3,4,19,6), (7,18,9,17,8), (10,11,12,14,13)]
[(0,9,4,7,5), (1,8,12,17,6), (2,10,18,13,15), (3,14,16,11,19)]
[(0,7,9,5,4), (1,17,8,6,12), (2,13,10,15,18), (3,11,14,19,16)]
[(0,12,1,4,10), (2,16,8,3,18), (5,14,7,13,15), (6,19,9,11,17)]
[(0,13,8), (1,11,18), (2,7,12), (3,17,10), (4,6,9), (14,16,15)]
[(0,2), (1,3), (4,8), (5,9), (6,7), (10,16), (11,15), (12,18), (13,17), (14,19)]
[(0,19,8), (1,16,9), (2,4,14), (3,5,10), (6,12,11), (7,15,18)]
[(0,14,6), (1,11,5), (2,7,19), (3,9,15), (4,10,13), (8,17,16)]
[(0,18), (1,8), (2,10), (3,12), (4,16), (5,19), (6,14), (7,17), (9,15), (11,13)]
[(0,8), (1,2), (3,10), (4,18), (5,17), (6,15), (7,9), (11,14), (12,16), (13,19)]
[(0,6), (1,2), (3,15), (4,5), (7,13), (8,10), (9,12), (11,17), (14,18), (16,19)]
[(0,3), (1,16), (2,4), (5,6), (7,11), (8,12), (9,13), (10,18), (14,17), (15,19)]
[(1,4,7), (2,16,11), (5,17,10), (6,18,14), (8,19,13), (9,15,12)]
[(0,10,15), (3,8,6), (4,14,17), (5,11,18), (7,12,19), (9,13,16)]
[(0,17,1,7,15), (2,11,6,3,13), (4,18,10,9,19), (5,16,12,8,14)]
[(0,4,5,9,7), (1,12,6,8,17), (2,18,15,10,13), (3,16,19,14,11)]
[(0,5,2,16,15), (1,4,6,3,19), (7,9,8,18,17), (10,12,13,11,14)]
[(0,11,17,12,16), (1,14,15,10,19), (2,9,6,8,5), (3,7,13,18,4)]
[(0,1,15,17,7), (2,6,13,11,3), (4,10,19,18,9), (5,12,14,16,8)]
[(0,15,10), (3,6,8), (4,17,14), (5,18,11), (7,19,12), (9,16,13)]
[(0,16), (1,18), (2,12), (3,4), (5,11), (6,13), (7,19), (8,10), (9,14), (15,17)]
[(0,9,17), (1,5,18), (2,19,12), (3,14,13), (4,8,15), (6,16,10)]
[(0,7), (1,9), (2,14), (3,11), (4,17), (5,15), (6,19), (8,10), (12,18), (13,16)]
[(0,12,5), (1,13,9), (2,17,14), (3,18,19), (6,7,10), (8,15,11)]
[(0,13,19), (1,12,14), (2,18,9), (3,17,5), (4,11,15), (6,16,7)]
[(0,2,15,5,16), (1,6,19,4,3), (7,8,17,9,18), (10,13,14,12,11)]
[(0,19), (1,15), (2,6), (3,5), (4,16), (7,14), (8,13), (9,11), (10,17), (12,18)]
[(0,14,18), (1,19,17), (2,5,13), (3,9,12), (4,11,8), (7,10,16)]
[(0,18,14), (1,17,19), (2,13,5), (3,12,9), (4,8,11), (7,16,10)]
[(0,8,19), (1,9,16), (2,14,4), (3,10,5), (6,11,12), (7,18,15)]
[(0,6,18), (1,13,16), (2,17,4), (3,15,12), (5,8,7), (10,11,19)]
[(0,3), (1,11), (2,7), (4,16), (5,18), (6,17), (8,9), (10,14), (12,19), (13,15)]
