[]
[(0,3,2,1,5), (6,7,9,8,10)]
[(0,7,5), (1,3,4), (2,8,10), (6,11,9)]
[(0,2,5,3,1), (6,9,10,7,8)]
[(0,11,5), (1,7,3), (2,6,9), (4,8,10)]
[(0,9,7), (1,2,10), (3,4,5), (6,11,8)]
[(0,4,1), (2,3,8), (5,7,6), (9,10,11)]
[(0,1,3,5,2), (6,8,7,10,9)]
[(0,5,7), (1,4,3), (2,10,8), (6,9,11)]
[(0,8,7,3,4), (2,6,11,10,5)]
[(0,6,9,5,4), (1,8,11,10,3)]
[(0,10), (1,5), (2,7), (3,4), (6,11), (8,9)]
[(1,8,6,2,4), (3,7,11,9,5)]
[(0,3,9), (1,10,6), (2,4,5), (7,11,8)]
[(0,7,9), (1,10,2), (3,5,4), (6,8,11)]
[(0,2,4), (1,6,5), (3,8,9), (7,11,10)]
[(0,11,2,8,9), (1,10,4,7,5)]
[(0,9,3), (1,6,10), (2,5,4), (7,8,11)]
[(0,4), (1,2), (3,6), (5,8), (7,9), (10,11)]
[(0,1,7,11,6), (2,4,3,10,9)]
[(0,5,1,2,3), (6,10,8,9,7)]
[(0,8,11,9,2), (1,7,10,5,4)]
[(0,6,2), (1,11,5), (3,7,10), (4,8,9)]
[(0,10), (1,9), (2,3), (4,5), (6,7), (8,11)]
[(1,6,4,8,2), (3,11,5,7,9)]
[(0,3,11), (1,7,8), (2,5,9), (4,10,6)]
[(0,7,6,1,11), (2,3,9,4,10)]
[(0,2), (1,9), (3,11), (4,6), (5,8), (7,10)]
[(0,11), (1,9), (2,7), (3,5), (4,10), (6,8)]
[(0,9,4,6,5), (1,11,3,8,10)]
[(0,4,2), (1,5,6), (3,9,8), (7,10,11)]
[(0,1,8), (2,3,11), (4,7,6), (5,10,9)]
[(0,5), (1,9), (2,4), (3,6), (7,11), (8,10)]
[(0,8,6), (1,11,2), (3,10,5), (4,7,9)]
[(0,6), (1,9), (2,8), (3,10), (4,11), (5,7)]
[(0,10), (1,11), (2,5), (3,6), (4,9), (7,8)]
[(1,2,8,4,6), (3,9,7,5,11)]
[(0,3,8,4,7), (2,10,6,5,11)]
[(0,7), (1,8), (2,10), (3,6), (4,11), (5,9)]
[(0,2,6), (1,5,11), (3,10,7), (4,9,8)]
[(0,11,1,6,7), (2,10,4,9,3)]
[(0,9), (1,10), (2,6), (3,7), (4,11), (5,8)]
[(0,4,5,9,6), (1,3,10,11,8)]
[(0,1), (2,7), (3,6), (4,8), (5,11), (9,10)]
[(0,5,6,4,9), (1,10,8,3,11)]
[(0,8), (1,6), (2,7), (3,9), (4,11), (5,10)]
[(0,6,8), (1,2,11), (3,5,10), (4,9,7)]
[(0,10), (1,7), (2,9), (3,8), (4,11), (5,6)]
[(1,4,2,6,8), (3,5,9,11,7)]
[(0,3), (1,4), (2,7), (5,8), (6,10), (9,11)]
[(0,7,4,8,3), (2,11,5,6,10)]
[(0,2,9,11,8), (1,4,5,10,7)]
[(0,11,3), (1,8,7), (2,9,5), (4,6,10)]
[(0,9,8,2,11), (1,5,7,4,10)]
[(0,4,3,7,8), (2,5,10,11,6)]
[(0,1,4), (2,8,3), (5,6,7), (9,11,10)]
[(0,5,11), (1,3,7), (2,9,6), (4,10,8)]
[(0,8,1), (2,11,3), (4,6,7), (5,9,10)]
[(0,6,11,7,1), (2,9,10,3,4)]
[(0,10), (1,3), (2,11), (4,7), (5,8), (6,9)]